máscaras encontradas: 40
Unnamed.hwt [(250, 250, 9344, 0.79), (454, 454, 12, 1.0)] 
FAT ilegível (cabeçalho estranho), a procurar a assinatura
Hutao.hwt [(250, 250, 207148, 0.8), (454, 454, 636920, 0.79)] 
FAT ilegível (cabeçalho estranho), a procurar a assinatura
Kun.hwt [(250, 250, 210432, 0.8), (454, 454, 602248, 0.79)] 
FAT ilegível (cabeçalho estranho), a procurar a assinatura
MD3.hwt [(250, 250, 31104, 0.8), (454, 454, 15712, 0.79)] 
FAT ilegível (cabeçalho estranho), a procurar a assinatura
Paimon.hwt [(250, 250, 106216, 0.8), (454, 454, 130600, 0.79)] 
FAT ilegível (cabeçalho estranho), a procurar a assinatura
PixelWhite.hwt [(250, 250, 74340, 0.8), (454, 454, 79216, 0.79)] 
FAT ilegível (cabeçalho estranho), a procurar a assinatura
Termoe.hwt [(250, 250, 56244, 0.8), (454, 454, 49012, 0.79)] 
IV22_HMSDM_MED_MK1_2.1.1.hwt [] 
IV22_HMS_BIG_MK1_2.1.1.hwt [] 
IV22_HMS_MED_MK1_2.1.1.hwt [] 
IV22_HMS_SML_MK1_2.1.1.hwt [] 
IV22_HM_BIG_MK1_2.1.1.hwt [] 
IV22_HM_MED_MK1_2.1.1.hwt [] 
AP.hwt [(250, 250, 203044, 0.8), (466, 466, 682516, 0.79), (466, 466, 665024, 0.79), (466, 466, 681692, 0.79), (466, 466, 61416, 0.79)] 
Breitling.hwt [(250, 250, 200440, 0.8), (466, 466, 561476, 0.79)] 
劳力士女装日志型.hwt [(250, 250, 203572, 0.8), (466, 466, 677612, 0.79), (466, 466, 662772, 0.79), (466, 466, 632624, 0.79)] 
Day.hwt [(250, 250, 203660, 0.8), (466, 466, 669304, 0.78)] 
IWCC.hwt [(250, 250, 161588, 0.8), (466, 466, 206152, 0.79), (466, 466, 36768, 0.03), (210, 211, 10384, 0.06), (210, 211, 14824, 0.06), (220, 221, 12304, 0.06), (220, 221, 18480, 0.06)]  <<< TEM ECRÃ SEMPRE LIGADO
Nike9.band9.2.1.2.hwt [] 
AppleUltraRed.fit4_pro.2.1.1.hwt [(228, 269, 124280, 1.0), (402, 319, 22468, 0.03), (408, 480, 79792, 0.96), (600, 600, 10952, 0.01), (600, 600, 10484, 0.01), (600, 600, 10952, 0.01), (600, 600, 10484, 0.01)]  <<< TEM ECRÃ SEMPRE LIGADO
AppleUltraRedNext.fit4_pro.2.1.1.hwt [(228, 269, 124840, 1.0), (408, 480, 106136, 0.97), (600, 600, 10952, 0.01), (600, 600, 10484, 0.01), (600, 600, 10952, 0.01), (600, 600, 10484, 0.01), (408, 480, 85152, 0.97)]  <<< TEM ECRÃ SEMPRE LIGADO
AppleUltraRedNext.fit4_pro.2.1.1.hwt [(228, 269, 110756, 1.0), (408, 480, 97500, 0.97), (600, 600, 10952, 0.01), (600, 600, 10484, 0.01), (600, 600, 10952, 0.01), (600, 600, 10484, 0.01), (408, 480, 84228, 0.97)]  <<< TEM ECRÃ SEMPRE LIGADO
FunctionalForHikes.fit4_pro.2.8.1.hwt [(228, 269, 82876, 1.0)] 
FunctionalForHikes2.fit4_pro.2.8.1.hwt [(228, 269, 74540, 1.0)] 
NikeCombo.fit4_pro.2.7.1.hwt [(228, 269, 92792, 1.0), (374, 374, 19488, 0.02), (408, 480, 69404, 0.78), (426, 426, 3404, 0.01), (426, 426, 3328, 0.01), (426, 426, 3136, 0.01), (460, 460, 2908, 0.01), (460, 460, 1468, 0.0), (314, 314, 3500, 0.01), (314, 314, 2844, 0.01)]  <<< TEM ECRÃ SEMPRE LIGADO
NikeComboLessAOD.fit4_pro.2.7.1.hwt [(228, 269, 93444, 1.0), (374, 374, 19488, 0.02), (408, 480, 85744, 0.97), (426, 426, 3404, 0.01), (426, 426, 3328, 0.01), (426, 426, 3136, 0.01), (460, 460, 2908, 0.01), (460, 460, 1468, 0.0), (314, 314, 3500, 0.01), (314, 314, 2844, 0.01)]  <<< TEM ECRÃ SEMPRE LIGADO
NikeComboSteps.fit4_pro.2.7.1.hwt [(228, 269, 92396, 1.0), (374, 374, 19488, 0.02), (408, 480, 85188, 0.97), (426, 426, 3404, 0.01), (426, 426, 3328, 0.01), (426, 426, 3336, 0.01), (426, 426, 3428, 0.01), (460, 460, 2908, 0.01), (460, 460, 1468, 0.0), (314, 314, 3500, 0.01)]  <<< TEM ECRÃ SEMPRE LIGADO
SpaceRed.fit4_pro.2.8.2.hwt [(228, 269, 122460, 1.0), (408, 255, 366564, 1.0), (408, 480, 403924, 0.97)] 
SpaceRedV2.fit4_pro.2.8.2.hwt [(228, 269, 144296, 1.0), (408, 255, 366564, 1.0), (408, 480, 413964, 0.97)] 
Gt6Nike.gt6_41.2.7.1.hwt [(250, 250, 48996, 0.79), (466, 466, 47140, 0.59)]  <<< TEM ECRÃ SEMPRE LIGADO
FocusWGTru.gt6_46_pro.2.8.1.hwt [(250, 250, 134060, 0.79), (466, 466, 77000, 0.09), (466, 466, 147156, 0.79), (448, 200, 17768, 0.22), (453, 453, 18036, 0.1), (466, 466, 4552, 0.0), (466, 466, 4136, 0.01), (466, 466, 52828, 0.79), (448, 448, 106328, 0.76)]  <<< TEM ECRÃ SEMPRE LIGADO
Carrera.hwt [(454, 454, 616596, 0.79)] 
SimpleItalic.hwt [(250, 250, 45592, 0.79), (454, 454, 28624, 0.79)] 
StarDew_3.1.2.hwt [(216, 216, 139980, 0.75), (288, 236, 60120, 0.89), (390, 390, 160836, 0.79), (390, 390, 48164, 0.79)] 
BASE GUARDADA: https://raw.githubusercontent.com/Victor9578/watchfaces/main/iwc/IWCC.hwt 912931 bytes
